Output from Eject, Matlab version, run on 01-Feb-2020 07:43:13 local time

Block parameters:
                       Block diameter, m:   2.19
                    Block density, kg/m3:   2500
                             Block shape:  shell
                   Initial velocity, m/s:  274.0
 Ejection angle from horizontal, degrees:   87.1
      Ejection direction, degrees E of N:   28.1
                         Wind speed, m/s:    0.0
             Wind direction, deg. E of N:    0.0
landing point meters below takeoff point:    328
     extent of reduced drag zone, meters:    0.0

Meteorologic conditions:
            Temperature at sea level, Celsius:  25.0
            Thermal lapse rate, deg. C per km:  6.50
Elevation of takeoff point above sea level, m:   587
                               vent longitude:  -155.28140
                                vent latitude:  19.40800

TRAJECTORY CALCULATIONS
##################################################################################################################################
    i   t (s)     x (m)     y (m)     z (m)   vx(m/s)  vy (m/s)  vz (m/s)   Mach #     Reynolds #     Cd   Temp (K) rho_air (kg/m3)
    1   0.000     0.000     0.000     0.000     6.530    12.229   273.649    0.794   36837371.756  0.258     294.33      1.121
    2   0.558     3.639     6.815   151.238     6.508    12.188   267.281    0.777   35566399.537  0.251     293.35      1.105
    3   1.116     7.266    13.609   298.940     6.488    12.150   260.988    0.760   34337943.407  0.244     292.39      1.090
    4   1.674    10.883    20.381   443.146     6.469    12.115   254.764    0.743   33149589.826  0.241     291.45      1.075
    5   2.232    14.489    27.135   583.892     6.451    12.082   248.595    0.726   31997934.943  0.238     290.54      1.061
    6   2.790    18.085    33.870   721.206     6.434    12.050   242.477    0.709   30881153.132  0.235     289.65      1.047
    7   3.349    21.672    40.588   855.118     6.418    12.020   236.407    0.693   29797525.298  0.232     288.78      1.033
    8   3.907    25.250    47.289   985.652     6.403    11.991   230.381    0.676   28745430.351  0.230     287.93      1.021
    9   4.465    28.820    53.975  1112.831     6.388    11.964   224.393    0.660   27722884.668  0.230     287.10      1.008
   10   5.023    32.382    60.646  1236.677     6.374    11.938   218.439    0.643   26728289.451  0.229     286.30      0.996
   11   5.581    35.936    67.303  1357.208     6.361    11.913   212.517    0.626   25760380.839  0.229     285.51      0.985
   12   6.139    39.484    73.946  1474.440     6.348    11.889   206.625    0.610   24817953.019  0.228     284.75      0.973
   13   6.697    43.024    80.576  1588.392     6.336    11.866   200.762    0.594   23899854.505  0.227     284.01      0.963
   14   7.255    46.557    87.193  1699.077     6.324    11.845   194.926    0.577   23004984.713  0.227     283.29      0.952
   15   7.813    50.084    93.799  1806.512     6.313    11.824   189.116    0.561   22132290.795  0.226     282.59      0.942
   16   8.371    53.605   100.393  1910.709     6.303    11.804   183.330    0.544   21280764.721  0.226     281.91      0.933
   17   8.929    57.120   106.976  2011.683     6.292    11.785   177.567    0.528   20449378.879  0.226     281.26      0.924
   18   9.488    60.629   113.549  2109.445     6.283    11.766   171.824    0.511   19637195.611  0.226     280.62      0.915
   19  10.046    64.134   120.111  2204.007     6.273    11.749   166.101    0.495   18843339.637  0.226     280.01      0.906
   20  10.604    67.633   126.664  2295.379     6.264    11.732   160.397    0.479   18066969.378  0.226     279.41      0.898
   21  11.162    71.127   133.208  2383.572     6.256    11.716   154.711    0.462   17307275.230  0.226     278.84      0.890
   22  11.720    74.616   139.744  2468.596     6.248    11.701   149.042    0.446   16563478.001  0.226     278.29      0.883
   23  12.278    78.101   146.270  2550.459     6.240    11.687   143.388    0.430   15834827.528  0.226     277.76      0.876
   24  12.836    81.582   152.789  2629.171     6.233    11.673   137.750    0.413   15120601.466  0.226     277.24      0.869
   25  13.394    85.059   159.301  2704.740     6.226    11.660   132.126    0.397   14420104.288  0.226     276.75      0.862
   26  13.952    88.532   165.805  2777.173     6.219    11.647   126.515    0.380   13732666.494  0.226     276.28      0.856
   27  14.510    92.001   172.302  2846.477     6.213    11.635   120.917    0.364   13057644.085  0.226     275.83      0.850
   28  15.068    95.467   178.793  2912.661     6.207    11.624   115.331    0.348   12394418.351  0.226     275.40      0.844
   29  15.626    98.929   185.278  2975.729     6.201    11.613   109.756    0.331   11742396.036  0.226     274.99      0.839
   30  16.185   102.389   191.756  3035.689     6.195    11.603   104.192    0.315   11101010.017  0.226     274.60      0.834
   31  16.743   105.845   198.230  3092.545     6.190    11.594    98.637    0.299   10469720.626  0.226     274.23      0.829
   32  17.301   109.299   204.698  3146.304     6.186    11.585    93.092    0.282    9848017.878  0.226     273.88      0.825
   33  17.859   112.750   211.161  3196.970     6.181    11.576    87.555    0.266    9235424.942  0.226     273.55      0.821
   34  18.417   116.198   217.620  3244.547     6.177    11.568    82.026    0.250    8631503.395  0.226     273.24      0.817
   35  18.975   119.645   224.074  3289.041     6.173    11.561    76.505    0.234    8035861.092  0.226     272.96      0.813
   36  19.533   123.089   230.525  3330.455     6.170    11.554    70.990    0.217    7448163.957  0.226     272.69      0.810
   37  20.091   126.532   236.972  3368.793     6.166    11.548    65.482    0.201    6868153.839  0.226     272.44      0.806
   38  20.649   129.972   243.416  3404.058     6.163    11.542    59.979    0.185    6295676.003  0.226     272.21      0.804
   39  21.207   133.411   249.856  3436.253     6.160    11.537    54.482    0.169    5730722.453  0.226     272.00      0.801
   40  21.765   136.848   256.294  3465.382     6.158    11.532    48.989    0.153    5173502.197  0.227     271.81      0.799
   41  22.324   140.284   262.729  3491.446     6.156    11.528    43.501    0.137    4624556.405  0.227     271.64      0.796
   42  22.882   143.719   269.162  3514.447     6.153    11.524    38.016    0.121    4084970.709  0.228     271.49      0.795
   43  23.440   147.153   275.593  3534.389     6.152    11.521    32.534    0.106    3556752.581  0.228     271.36      0.793
   44  23.998   150.586   282.022  3551.272     6.150    11.518    27.056    0.091    3043562.782  0.229     271.25      0.792
   45  24.556   154.018   288.449  3565.098     6.149    11.516    21.579    0.076    2552214.202  0.229     271.16      0.790
   46  25.114   157.449   294.876  3575.868     6.148    11.514    16.104    0.063    2095871.266  0.230     271.09      0.790
   47  25.672   160.880   301.301  3583.583     6.147    11.512    10.631    0.051    1700779.878  0.230     271.04      0.789
   48  26.230   164.310   307.726  3588.243     6.146    11.511     5.159    0.042    1417233.169  0.230     271.01      0.789
   49  26.788   167.740   314.149  3589.850     6.146    11.510    -0.313    0.039    1318041.889  0.230     271.00      0.788
   50  27.346   171.170   320.573  3588.403     6.145    11.509    -5.784    0.043    1441366.775  0.230     271.01      0.789
   51  27.904   174.599   326.995  3583.904     6.144    11.507   -11.254    0.052    1740732.674  0.230     271.04      0.789
   52  28.463   178.028   333.417  3576.351     6.143    11.506   -16.723    0.064    2144181.054  0.229     271.09      0.790
   53  29.021   181.457   339.838  3565.746     6.142    11.504   -22.191    0.078    2604566.177  0.229     271.16      0.790
   54  29.579   184.884   346.257  3552.091     6.141    11.501   -27.657    0.092    3097536.746  0.229     271.25      0.792
   55  30.137   188.311   352.675  3535.385     6.140    11.498   -33.121    0.107    3610808.381  0.228     271.35      0.793
   56  30.695   191.737   359.092  3515.630     6.138    11.495   -38.582    0.123    4137946.412  0.228     271.48      0.794
   57  31.253   195.162   365.506  3492.829     6.136    11.491   -44.040    0.139    4675433.534  0.227     271.63      0.796
   58  31.811   198.586   371.918  3466.982     6.134    11.487   -49.494    0.154    5221291.184  0.226     271.80      0.798
   59  32.369   202.009   378.328  3438.092     6.131    11.483   -54.945    0.170    5774400.763  0.226     271.99      0.801
   60  32.927   205.430   384.735  3406.162     6.128    11.477   -60.390    0.186    6334147.710  0.226     272.19      0.803
   61  33.485   208.849   391.139  3371.194     6.125    11.472   -65.831    0.202    6900227.421  0.226     272.42      0.806
   62  34.043   212.267   397.540  3333.190     6.122    11.466   -71.266    0.218    7472538.988  0.226     272.67      0.809
   63  34.602   215.683   403.937  3292.155     6.119    11.459   -76.694    0.234    8051115.140  0.226     272.94      0.813
   64  35.160   219.097   410.331  3248.092     6.115    11.452   -82.116    0.250    8636080.443  0.226     273.22      0.816
   65  35.718   222.508   416.720  3201.004     6.111    11.444   -87.531    0.266    9227624.400  0.226     273.53      0.820
   66  36.276   225.918   423.105  3150.896     6.106    11.436   -92.939    0.282    9825983.633  0.226     273.85      0.824
   67  36.834   229.324   429.486  3097.773     6.102    11.427   -98.338    0.298   10431429.786  0.226     274.20      0.829
   68  37.392   232.729   435.861  3041.638     6.097    11.418  -103.728    0.314   11044261.114  0.226     274.56      0.834
   69  37.950   236.130   442.231  2982.496     6.092    11.409  -109.109    0.329   11664796.528  0.226     274.95      0.839
   70  38.508   239.528   448.596  2920.354     6.086    11.398  -114.481    0.345   12293371.279  0.226     275.35      0.844
   71  39.066   242.924   454.955  2855.217     6.080    11.388  -119.841    0.361   12930333.795  0.226     275.78      0.849
   72  39.624   246.316   461.307  2787.091     6.074    11.376  -125.191    0.376   13576043.298  0.226     276.22      0.855
   73  40.182   249.704   467.654  2715.982     6.068    11.364  -130.528    0.392   14230868.002  0.226     276.68      0.861
   74  40.740   253.089   473.993  2641.897     6.061    11.352  -135.854    0.407   14895183.701  0.226     277.16      0.868
   75  41.299   256.470   480.325  2564.843     6.054    11.339  -141.166    0.423   15569372.661  0.226     277.66      0.874
   76  41.857   259.848   486.650  2484.827     6.047    11.325  -146.465    0.438   16253822.716  0.226     278.18      0.881
   77  42.415   263.221   492.967  2401.858     6.039    11.311  -151.749    0.453   16948926.528  0.226     278.72      0.889
   78  42.973   266.589   499.276  2315.943     6.032    11.296  -157.018    0.469   17655080.949  0.226     279.28      0.896
   79  43.531   269.954   505.577  2227.091     6.023    11.281  -162.271    0.484   18372686.468  0.226     279.86      0.904
   80  44.089   273.313   511.869  2135.312     6.015    11.265  -167.507    0.499   19102146.718  0.226     280.45      0.912
   81  44.647   276.668   518.152  2040.614     6.006    11.248  -172.726    0.514   19843868.011  0.226     281.07      0.921
   82  45.205   280.018   524.425  1943.007     5.997    11.231  -177.927    0.528   20598258.908  0.226     281.70      0.930
   83  45.763   283.362   530.688  1842.502     5.987    11.213  -183.109    0.543   21365729.791  0.226     282.36      0.939
   84  46.321   286.701   536.942  1739.110     5.977    11.194  -188.271    0.558   22146692.441  0.226     283.03      0.949
   85  46.879   290.034   543.184  1632.842     5.967    11.174  -193.413    0.572   22941550.104  0.227     283.72      0.959
   86  47.438   293.362   549.416  1523.710     5.956    11.154  -198.531    0.586   23750629.801  0.227     284.43      0.969
   87  47.996   296.683   555.636  1411.726     5.945    11.134  -203.627    0.601   24574330.388  0.228     285.16      0.979
   88  48.554   299.998   561.845  1296.905     5.933    11.112  -208.698    0.615   25413049.051  0.228     285.90      0.990
   89  49.112   303.306   568.041  1179.259     5.921    11.089  -213.743    0.629   26267180.741  0.229     286.67      1.002
   90  49.670   306.608   574.225  1058.804     5.909    11.066  -218.762    0.642   27137117.563  0.229     287.45      1.013
   91  50.228   309.903   580.395   935.554     5.896    11.042  -223.753    0.656   28023248.148  0.230     288.25      1.025
   92  50.786   313.190   586.552   809.525     5.883    11.017  -228.715    0.670   28925956.974  0.230     289.07      1.038
   93  51.344   316.470   592.695   680.734     5.869    10.992  -233.647    0.683   29845623.672  0.231     289.91      1.051
   94  51.902   319.742   598.823   549.198     5.855    10.965  -238.548    0.696   30782622.273  0.233     290.76      1.064
   95  52.460   323.006   604.936   414.935     5.840    10.938  -243.412    0.709   31736823.945  0.235     291.64      1.078
   96  52.815   325.073   608.806   328.000     5.830    10.919  -246.475    0.723   32582260.628  0.235     292.20      1.087
##################################################################################################################################
Range=  690.2 meters, flight time=   52.8 seconds, final location (x,y,z)=(  325.1,  608.8,  328.0)
