Output from Eject, Matlab version, run on 03-Feb-2020 09:55:10 local time

Block parameters:
                       Block diameter, m:   0.55
                    Block density, kg/m3:   2500
                             Block shape:  shell
                   Initial velocity, m/s:  171.9
 Ejection angle from horizontal, degrees:   51.1
      Ejection direction, degrees E of N:  159.4
                         Wind speed, m/s:    0.0
             Wind direction, deg. E of N:    0.0
landing point meters below takeoff point:    522
     extent of reduced drag zone, meters:    0.0

Meteorologic conditions:
            Temperature at sea level, Celsius:  25.0
            Thermal lapse rate, deg. C per km:  6.50
Elevation of takeoff point above sea level, m:   587
                               vent longitude:  -155.28140
                                vent latitude:  19.40800

TRAJECTORY CALCULATIONS
##################################################################################################################################
    i   t (s)     x (m)     y (m)     z (m)   vx(m/s)  vy (m/s)  vz (m/s)   Mach #     Reynolds #     Cd   Temp (K) rho_air (kg/m3)
    1   0.000     0.000     0.000     0.000    37.980  -101.045   133.780    0.498    5804068.448  0.226     294.33      1.121
    2   0.273    10.347   -27.528    36.142    37.845  -100.685   130.633    0.491    5697667.653  0.226     294.10      1.117
    3   0.546    20.657   -54.958    71.427    37.713  -100.332   127.505    0.483    5593442.380  0.226     293.87      1.113
    4   0.819    30.932   -82.293   105.862    37.583   -99.988   124.397    0.476    5491357.695  0.226     293.65      1.110
    5   1.091    41.171  -109.535   139.450    37.457   -99.651   121.308    0.468    5391381.514  0.226     293.43      1.106
    6   1.364    51.377  -136.686   172.198    37.333   -99.322   118.236    0.461    5293484.566  0.226     293.22      1.103
    7   1.637    61.549  -163.747   204.109    37.212   -99.000   115.182    0.454    5197640.356  0.226     293.01      1.099
    8   1.910    71.688  -190.722   235.189    37.093   -98.685   112.144    0.447    5103825.130  0.226     292.81      1.096
    9   2.183    81.795  -217.612   265.443    36.978   -98.377   109.123    0.440    5012017.855  0.226     292.61      1.093
   10   2.456    91.871  -244.418   294.874    36.864   -98.075   106.118    0.434    4922200.192  0.226     292.42      1.090
   11   2.728   101.916  -271.143   323.486    36.753   -97.780   103.127    0.427    4834356.475  0.226     292.23      1.087
   12   3.001   111.931  -297.788   351.284    36.645   -97.491   100.151    0.420    4748473.698  0.226     292.05      1.084
   13   3.274   121.917  -324.355   378.272    36.538   -97.208    97.190    0.414    4664541.494  0.226     291.88      1.081
   14   3.547   131.874  -350.845   404.454    36.434   -96.931    94.241    0.408    4582552.124  0.226     291.71      1.079
   15   3.820   141.803  -377.261   429.832    36.332   -96.660    91.306    0.401    4502500.460  0.226     291.54      1.076
   16   4.093   151.705  -403.603   454.411    36.232   -96.395    88.384    0.395    4424383.970  0.226     291.38      1.074
   17   4.365   161.579  -429.873   478.195    36.135   -96.134    85.474    0.389    4348202.697  0.226     291.23      1.071
   18   4.638   171.427  -456.073   501.186    36.039   -95.879    82.576    0.383    4273959.241  0.226     291.08      1.069
   19   4.911   181.249  -482.203   523.387    35.945   -95.630    79.689    0.378    4201658.728  0.226     290.93      1.067
   20   5.184   191.045  -508.267   544.802    35.853   -95.385    76.813    0.372    4131308.779  0.226     290.79      1.064
   21   5.457   200.817  -534.264   565.433    35.763   -95.145    73.948    0.367    4062919.469  0.226     290.66      1.062
   22   5.730   210.564  -560.196   585.285    35.674   -94.909    71.094    0.361    3996503.275  0.226     290.53      1.060
   23   6.002   220.288  -586.064   604.358    35.587   -94.678    68.249    0.356    3932075.018  0.226     290.41      1.058
   24   6.275   229.987  -611.869   622.656    35.502   -94.451    65.414    0.351    3869651.783  0.226     290.29      1.057
   25   6.548   239.664  -637.614   640.182    35.418   -94.229    62.588    0.346    3809252.832  0.226     290.17      1.055
   26   6.821   249.318  -663.298   656.938    35.336   -94.010    59.771    0.341    3750899.499  0.226     290.06      1.053
   27   7.094   258.950  -688.923   672.926    35.255   -93.795    56.962    0.336    3694615.061  0.226     289.96      1.052
   28   7.367   268.560  -714.489   688.149    35.176   -93.584    54.162    0.332    3640424.592  0.226     289.86      1.050
   29   7.639   278.148  -739.999   702.609    35.098   -93.377    51.370    0.328    3588354.798  0.226     289.77      1.049
   30   7.912   287.715  -765.452   716.307    35.022   -93.173    48.586    0.324    3538433.823  0.226     289.68      1.047
   31   8.185   297.262  -790.850   729.248    34.946   -92.972    45.809    0.320    3490691.032  0.226     289.59      1.046
   32   8.458   306.788  -816.194   741.431    34.872   -92.775    43.040    0.316    3445156.770  0.226     289.52      1.045
   33   8.731   316.294  -841.484   752.860    34.799   -92.580    40.277    0.312    3401862.092  0.226     289.44      1.044
   34   9.004   325.780  -866.721   763.535    34.727   -92.388    37.522    0.309    3360838.474  0.226     289.37      1.042
   35   9.276   335.247  -891.906   773.460    34.656   -92.199    34.773    0.305    3322117.490  0.226     289.31      1.041
   36   9.549   344.694  -917.040   782.635    34.585   -92.013    32.030    0.302    3285730.478  0.226     289.25      1.041
   37   9.822   354.122  -942.124   791.063    34.516   -91.829    29.294    0.299    3251708.176  0.226     289.19      1.040
   38  10.095   363.532  -967.157   798.745    34.448   -91.647    26.563    0.297    3220080.345  0.226     289.14      1.039
   39  10.368   372.923  -992.141   805.682    34.380   -91.467    23.839    0.294    3190875.386  0.226     289.10      1.038
   40  10.641   382.295 -1017.076   811.877    34.313   -91.289    21.120    0.292    3164119.941  0.226     289.06      1.038
   41  10.913   391.649 -1041.963   817.331    34.247   -91.113    18.407    0.290    3139838.501  0.226     289.02      1.037
   42  11.186   400.986 -1066.802   822.045    34.182   -90.939    15.700    0.288    3118053.012  0.226     288.99      1.037
   43  11.459   410.304 -1091.594   826.022    34.117   -90.766    12.997    0.286    3098782.506  0.226     288.97      1.036
   44  11.732   419.605 -1116.339   829.261    34.052   -90.594    10.300    0.285    3082042.742  0.226     288.94      1.036
   45  12.005   428.889 -1141.036   831.765    33.988   -90.424     7.609    0.283    3067845.882  0.226     288.93      1.036
   46  12.278   438.155 -1165.688   833.536    33.925   -90.255     4.922    0.282    3056200.201  0.226     288.92      1.036
   47  12.550   447.403 -1190.294   834.574    33.861   -90.086     2.240    0.282    3047109.838  0.226     288.91      1.035
   48  12.823   456.635 -1214.853   834.881    33.798   -89.919    -0.436    0.281    3040574.600  0.226     288.91      1.035
   49  13.096   465.849 -1239.367   834.458    33.735   -89.752    -3.108    0.281    3036589.814  0.226     288.91      1.035
   50  13.369   475.046 -1263.836   833.307    33.673   -89.585    -5.774    0.280    3035146.241  0.226     288.92      1.036
   51  13.642   484.226 -1288.259   831.429    33.610   -89.419    -8.436    0.280    3036230.049  0.226     288.93      1.036
   52  13.915   493.389 -1312.636   828.825    33.548   -89.253   -11.093    0.281    3039822.839  0.226     288.95      1.036
   53  14.187   502.535 -1336.969   825.497    33.486   -89.087   -13.745    0.281    3045901.738  0.226     288.97      1.036
   54  14.460   511.664 -1361.256   821.446    33.423   -88.921   -16.391    0.282    3054439.545  0.226     289.00      1.037
   55  14.733   520.776 -1385.498   816.673    33.361   -88.755   -19.033    0.283    3065404.926  0.226     289.03      1.037
   56  15.006   529.871 -1409.694   811.180    33.298   -88.588   -21.670    0.284    3078762.655  0.226     289.06      1.038
   57  15.279   538.949 -1433.845   804.969    33.235   -88.421   -24.301    0.285    3094473.904  0.226     289.10      1.038
   58  15.552   548.009 -1457.951   798.040    33.172   -88.253   -26.928    0.287    3112496.552  0.226     289.15      1.039
   59  15.824   557.053 -1482.010   790.395    33.109   -88.085   -29.549    0.288    3132785.529  0.226     289.20      1.040
   60  16.097   566.079 -1506.024   782.036    33.045   -87.916   -32.164    0.290    3155293.176  0.226     289.25      1.041
   61  16.370   575.088 -1529.991   772.963    32.982   -87.746   -34.774    0.292    3179969.609  0.226     289.31      1.042
   62  16.643   584.079 -1553.911   763.180    32.917   -87.574   -37.379    0.294    3206763.095  0.226     289.37      1.043
   63  16.916   593.052 -1577.785   752.686    32.852   -87.402   -39.978    0.297    3235620.419  0.226     289.44      1.044
   64  17.189   602.008 -1601.612   741.484    32.787   -87.229   -42.570    0.299    3266487.240  0.226     289.51      1.045
   65  17.461   610.946 -1625.391   729.575    32.721   -87.054   -45.157    0.302    3299308.433  0.226     289.59      1.046
   66  17.734   619.866 -1649.122   716.961    32.655   -86.877   -47.738    0.305    3334028.418  0.226     289.67      1.047
   67  18.007   628.768 -1672.805   703.643    32.588   -86.699   -50.312    0.308    3370591.460  0.226     289.76      1.048
   68  18.280   637.652 -1696.440   689.624    32.521   -86.520   -52.880    0.311    3408941.946  0.226     289.85      1.050
   69  18.553   646.517 -1720.025   674.905    32.453   -86.338   -55.442    0.314    3449024.636  0.226     289.95      1.051
   70  18.826   655.363 -1743.560   659.489    32.384   -86.155   -57.996    0.318    3490784.893  0.226     290.05      1.053
   71  19.098   664.191 -1767.045   643.375    32.314   -85.970   -60.544    0.321    3534168.877  0.226     290.15      1.055
   72  19.371   672.999 -1790.480   626.568    32.244   -85.783   -63.084    0.325    3579123.716  0.226     290.26      1.056
   73  19.644   681.788 -1813.863   609.068    32.173   -85.594   -65.617    0.328    3625597.657  0.226     290.38      1.058
   74  19.917   690.558 -1837.194   590.879    32.101   -85.403   -68.143    0.332    3673540.182  0.226     290.49      1.060
   75  20.190   699.308 -1860.474   572.000    32.028   -85.210   -70.661    0.336    3722902.110  0.226     290.62      1.062
   76  20.463   708.038 -1883.700   552.436    31.955   -85.015   -73.170    0.340    3773635.673  0.226     290.74      1.064
   77  20.735   716.748 -1906.872   532.188    31.881   -84.817   -75.672    0.344    3825694.575  0.226     290.88      1.066
   78  20.868   720.978 -1918.126   522.000    31.844   -84.720   -76.886    0.348    3875805.266  0.226     290.94      1.067
##################################################################################################################################
Range= 2049.2 meters, flight time=   20.9 seconds, final location (x,y,z)=(  721.0,-1918.1,  522.0)
