Output from Eject, Matlab version, run on 03-Feb-2020 09:55:01 local time

Block parameters:
                       Block diameter, m:   0.93
                    Block density, kg/m3:   2500
                             Block shape:  hicube
                   Initial velocity, m/s:  156.9
 Ejection angle from horizontal, degrees:   50.6
      Ejection direction, degrees E of N:  297.3
                         Wind speed, m/s:    0.0
             Wind direction, deg. E of N:    0.0
landing point meters below takeoff point:    575
     extent of reduced drag zone, meters:    0.0

Meteorologic conditions:
            Temperature at sea level, Celsius:  25.0
            Thermal lapse rate, deg. C per km:  6.50
Elevation of takeoff point above sea level, m:   587
                               vent longitude:  -155.28140
                                vent latitude:  19.40800

TRAJECTORY CALCULATIONS
##################################################################################################################################
    i   t (s)     x (m)     y (m)     z (m)   vx(m/s)  vy (m/s)  vz (m/s)   Mach #     Reynolds #     Cd   Temp (K) rho_air (kg/m3)
    1   0.000     0.000     0.000     0.000   -88.497    45.676   121.242    0.455    8957768.847  1.138     294.33      1.121
    2   0.247   -21.786    11.245    29.598   -87.569    45.197   117.557    0.445    8737930.362  1.134     294.14      1.118
    3   0.495   -43.346    22.373    58.293   -86.677    44.737   113.946    0.435    8525241.643  1.129     293.96      1.115
    4   0.742   -64.690    33.389    86.102   -85.819    44.294   110.405    0.425    8319361.219  1.125     293.77      1.112
    5   0.989   -85.825    44.297   113.043   -84.994    43.868   106.929    0.416    8119977.066  1.121     293.60      1.109
    6   1.236  -106.758    55.102   139.130   -84.199    43.458   103.515    0.407    7926804.429  1.118     293.43      1.106
    7   1.484  -127.499    65.806   164.380   -83.433    43.063   100.159    0.399    7739583.847  1.115     293.27      1.104
    8   1.731  -148.052    76.415   188.805   -82.695    42.682    96.857    0.390    7558080.372  1.112     293.11      1.101
    9   1.978  -168.426    86.931   212.418   -81.982    42.314    93.607    0.382    7382084.015  1.109     292.95      1.099
   10   2.225  -188.626    97.356   235.234   -81.293    41.958    90.406    0.374    7211406.457  1.106     292.81      1.096
   11   2.473  -208.658   107.696   257.262   -80.628    41.615    87.250    0.366    7045879.060  1.104     292.66      1.094
   12   2.720  -228.528   117.951   278.515   -79.985    41.283    84.139    0.358    6885351.219  1.102     292.52      1.092
   13   2.967  -248.241   128.126   299.003   -79.363    40.962    81.068    0.351    6729688.941  1.100     292.39      1.090
   14   3.214  -267.802   138.222   318.735   -78.761    40.651    78.038    0.343    6578773.629  1.098     292.26      1.088
   15   3.462  -287.217   148.243   337.722   -78.178    40.350    75.044    0.336    6432501.019  1.096     292.14      1.086
   16   3.709  -306.489   158.190   355.973   -77.614    40.059    72.086    0.329    6290780.260  1.094     292.02      1.084
   17   3.956  -325.624   168.066   373.495   -77.067    39.777    69.161    0.323    6153533.097  1.092     291.91      1.082
   18   4.203  -344.625   177.873   390.298   -76.537    39.503    66.268    0.316    6020693.151  1.090     291.80      1.080
   19   4.451  -363.496   187.613   406.389   -76.022    39.238    63.406    0.310    5892205.268  1.088     291.69      1.079
   20   4.698  -382.242   197.289   421.774   -75.523    38.980    60.573    0.304    5768024.918  1.086     291.59      1.077
   21   4.945  -400.867   206.901   436.462   -75.039    38.730    57.767    0.298    5648117.680  1.085     291.50      1.075
   22   5.193  -419.373   216.453   450.459   -74.569    38.488    54.987    0.292    5532460.316  1.083     291.41      1.074
   23   5.440  -437.764   225.945   463.772   -74.112    38.252    52.233    0.287    5421038.152  1.081     291.32      1.073
   24   5.687  -456.043   235.379   476.405   -73.667    38.022    49.502    0.281    5313843.628  1.079     291.24      1.071
   25   5.934  -474.213   244.758   488.366   -73.235    37.799    46.794    0.276    5210876.179  1.077     291.16      1.070
   26   6.182  -492.278   254.082   499.660   -72.815    37.582    44.107    0.271    5112141.989  1.076     291.09      1.069
   27   6.429  -510.241   263.353   510.291   -72.405    37.371    41.441    0.266    5017653.635  1.074     291.02      1.068
   28   6.676  -528.103   272.572   520.265   -72.006    37.165    38.794    0.262    4927429.625  1.073     290.95      1.067
   29   6.923  -545.867   281.741   529.586   -71.617    36.964    36.166    0.257    4841493.820  1.071     290.89      1.066
   30   7.171  -563.536   290.860   538.259   -71.237    36.768    33.556    0.253    4759874.756  1.070     290.84      1.065
   31   7.418  -581.112   299.932   546.289   -70.866    36.576    30.962    0.249    4682604.852  1.069     290.78      1.064
   32   7.665  -598.597   308.957   553.679   -70.503    36.389    28.385    0.246    4609719.529  1.068     290.74      1.064
   33   7.912  -615.993   317.935   560.434   -70.148    36.206    25.823    0.242    4541256.230  1.067     290.69      1.063
   34   8.160  -633.302   326.869   566.556   -69.800    36.026    23.277    0.239    4477253.348  1.066     290.65      1.062
   35   8.407  -650.526   335.759   572.051   -69.459    35.850    20.744    0.236    4417749.089  1.066     290.62      1.062
   36   8.654  -667.666   344.606   576.920   -69.124    35.677    18.225    0.233    4362780.272  1.065     290.58      1.061
   37   8.902  -684.724   353.410   581.168   -68.795    35.508    15.719    0.230    4312381.084  1.065     290.56      1.061
   38   9.149  -701.702   362.172   584.798   -68.472    35.341    13.226    0.228    4266581.821  1.064     290.53      1.060
   39   9.396  -718.599   370.894   587.813   -68.153    35.176    10.746    0.226    4225407.637  1.064     290.51      1.060
   40   9.643  -735.419   379.575   590.215   -67.839    35.014     8.277    0.224    4188877.459  1.064     290.50      1.060
   41   9.891  -752.161   388.216   592.009   -67.529    34.854     5.820    0.222    4157003.063  1.064     290.49      1.060
   42  10.138  -768.827   396.818   593.196   -67.223    34.696     3.374    0.221    4129787.498  1.063     290.48      1.060
   43  10.385  -785.417   405.381   593.779   -66.920    34.540     0.940    0.220    4107224.136  1.063     290.47      1.060
   44  10.632  -801.933   413.905   593.762   -66.620    34.385    -1.484    0.219    4089295.932  1.063     290.48      1.060
   45  10.880  -818.375   422.392   593.146   -66.322    34.231    -3.896    0.218    4075974.848  1.063     290.48      1.060
   46  11.127  -834.743   430.840   591.935   -66.027    34.079    -6.298    0.217    4067221.472  1.063     290.49      1.060
   47  11.374  -851.039   439.251   590.131   -65.733    33.927    -8.690    0.217    4062984.851  1.063     290.50      1.060
   48  11.621  -867.263   447.624   587.737   -65.441    33.776   -11.070    0.217    4063202.517  1.063     290.51      1.060
   49  11.869  -883.414   455.960   584.756   -65.150    33.626   -13.440    0.217    4067800.729  1.063     290.53      1.060
   50  12.116  -899.493   464.260   581.189   -64.860    33.477   -15.800    0.218    4076694.907  1.063     290.56      1.061
   51  12.363  -915.501   472.522   577.040   -64.571    33.327   -18.149    0.218    4089790.243  1.063     290.58      1.061
   52  12.470  -922.377   476.071   575.000   -64.446    33.263   -19.157    0.219    4106125.580  1.063     290.60      1.061
##################################################################################################################################
Range= 1038.0 meters, flight time=   12.5 seconds, final location (x,y,z)=( -922.4,  476.1,  575.0)
