Output from Eject, Matlab version, run on 03-Feb-2020 09:55:05 local time

Block parameters:
                       Block diameter, m:   0.65
                    Block density, kg/m3:   2500
                             Block shape:  hicube
                   Initial velocity, m/s:  239.2
 Ejection angle from horizontal, degrees:   70.3
      Ejection direction, degrees E of N:  358.6
                         Wind speed, m/s:    0.0
             Wind direction, deg. E of N:    0.0
landing point meters below takeoff point:    503
     extent of reduced drag zone, meters:    0.0

Meteorologic conditions:
            Temperature at sea level, Celsius:  25.0
            Thermal lapse rate, deg. C per km:  6.50
Elevation of takeoff point above sea level, m:   587
                               vent longitude:  -155.28140
                                vent latitude:  19.40800

TRAJECTORY CALCULATIONS
##################################################################################################################################
    i   t (s)     x (m)     y (m)     z (m)   vx(m/s)  vy (m/s)  vz (m/s)   Mach #     Reynolds #     Cd   Temp (K) rho_air (kg/m3)
    1   0.000     0.000     0.000     0.000    -1.970    80.609   225.200    0.693    9544836.451  1.271     294.33      1.121
    2   0.459    -0.887    36.305   100.577    -1.880    76.914   210.459    0.650    8872771.955  1.243     293.68      1.110
    3   0.919    -1.736    71.008   194.682    -1.802    73.703   197.249    0.611    8277911.658  1.221     293.07      1.100
    4   1.378    -2.550   104.311   282.961    -1.733    70.882   185.270    0.577    7745305.282  1.202     292.50      1.091
    5   1.837    -3.334   136.382   365.933    -1.671    68.381   174.297    0.545    7263876.523  1.185     291.96      1.083
    6   2.296    -4.091   167.356   444.031    -1.617    66.149   164.167    0.515    6825342.320  1.170     291.45      1.075
    7   2.756    -4.824   197.349   517.614    -1.568    64.147   154.752    0.488    6423331.234  1.155     290.97      1.067
    8   3.215    -5.536   226.462   586.992    -1.524    62.342   145.949    0.463    6052700.173  1.142     290.52      1.060
    9   3.674    -6.228   254.778   652.429    -1.484    60.708   137.671    0.439    5709194.029  1.131     290.09      1.054
   10   4.134    -6.902   282.373   714.152    -1.448    59.223   129.846    0.417    5389293.641  1.121     289.69      1.047
   11   4.593    -7.561   309.311   772.358    -1.414    57.867   122.415    0.396    5090084.486  1.114     289.31      1.042
   12   5.052    -8.204   335.648   827.217    -1.384    56.625   115.326    0.376    4809151.555  1.107     288.96      1.036
   13   5.511    -8.835   361.434   878.878    -1.356    55.485   108.539    0.357    4544523.410  1.101     288.62      1.031
   14   5.971    -9.453   386.715   927.474    -1.331    54.435   102.018    0.339    4294587.279  1.096     288.31      1.026
   15   6.430   -10.059   411.528   973.121    -1.307    53.467    95.734    0.321    4058012.102  1.092     288.01      1.022
   16   6.889   -10.655   435.912  1015.924    -1.285    52.572    89.663    0.305    3833696.340  1.087     287.73      1.018
   17   7.348   -11.241   459.897  1055.974    -1.265    51.746    83.781    0.289    3620731.511  1.082     287.47      1.014
   18   7.808   -11.819   483.516  1093.356    -1.246    50.983    78.070    0.274    3418387.770  1.076     287.23      1.010
   19   8.267   -12.388   506.795  1128.145    -1.229    50.276    72.512    0.259    3226069.913  1.072     287.00      1.007
   20   8.726   -12.949   529.759  1160.407    -1.213    49.622    67.091    0.245    3043302.285  1.068     286.79      1.003
   21   9.186   -13.503   552.432  1190.204    -1.198    49.016    61.792    0.232    2869740.747  1.065     286.60      1.001
   22   9.645   -14.051   574.836  1217.588    -1.184    48.454    56.602    0.219    2705182.325  1.063     286.42      0.998
   23  10.104   -14.592   596.989  1242.608    -1.172    47.931    51.510    0.207    2549581.899  1.062     286.26      0.996
   24  10.563   -15.128   618.909  1265.305    -1.160    47.445    46.504    0.195    2403074.110  1.060     286.11      0.993
   25  11.023   -15.659   640.612  1285.718    -1.149    46.993    41.576    0.184    2265953.662  1.059     285.98      0.991
   26  11.482   -16.184   662.113  1303.882    -1.138    46.571    36.717    0.174    2138682.462  1.058     285.86      0.990
   27  11.941   -16.705   683.426  1319.826    -1.129    46.177    31.920    0.165    2021895.330  1.058     285.76      0.988
   28  12.401   -17.222   704.562  1333.577    -1.120    45.808    27.178    0.157    1916397.171  1.057     285.67      0.987
   29  12.860   -17.735   725.534  1345.160    -1.111    45.461    22.484    0.149    1823144.867  1.057     285.59      0.986
   30  13.319   -18.243   746.349  1354.595    -1.103    45.133    17.833    0.143    1743205.820  1.057     285.53      0.985
   31  13.778   -18.749   767.018  1361.902    -1.096    44.821    13.220    0.138    1677685.893  1.057     285.48      0.984
   32  14.238   -19.250   787.545  1367.097    -1.088    44.523     8.643    0.133    1627624.331  1.057     285.45      0.984
   33  14.697   -19.749   807.938  1370.196    -1.081    44.234     4.097    0.131    1593862.090  1.057     285.43      0.983
   34  15.156   -20.244   828.200  1371.212    -1.074    43.953    -0.420    0.129    1576908.270  1.057     285.42      0.983
   35  15.616   -20.736   848.332  1370.160    -1.068    43.674    -4.908    0.129    1576836.703  1.057     285.43      0.983
   36  16.075   -21.225   868.338  1367.052    -1.061    43.396    -9.367    0.131    1593236.246  1.057     285.45      0.984
   37  16.534   -21.711   888.215  1361.902    -1.054    43.116   -13.796    0.133    1625235.918  1.057     285.48      0.984
   38  16.993   -22.194   907.962  1354.723    -1.047    42.831   -18.195    0.137    1671595.503  1.057     285.53      0.985
   39  17.453   -22.673   927.578  1345.531    -1.040    42.538   -22.560    0.142    1730832.875  1.057     285.59      0.986
   40  17.912   -23.149   947.057  1334.340    -1.032    42.237   -26.889    0.147    1801359.270  1.057     285.66      0.987
   41  18.371   -23.622   966.395  1321.169    -1.025    41.924   -31.178    0.154    1881592.538  1.057     285.75      0.988
   42  18.830   -24.091   985.588  1306.037    -1.017    41.599   -35.424    0.161    1970034.064  1.057     285.85      0.989
   43  19.290   -24.557  1004.629  1288.963    -1.009    41.260   -39.622    0.168    2065314.516  1.058     285.96      0.991
   44  19.749   -25.018  1023.511  1269.971    -1.000    40.908   -43.770    0.176    2166213.344  1.058     286.08      0.993
   45  20.208   -25.476  1042.229  1249.084    -0.991    40.540   -47.862    0.184    2271660.336  1.059     286.22      0.995
   46  20.668   -25.929  1060.775  1226.329    -0.982    40.158   -51.896    0.193    2380726.595  1.060     286.36      0.997
   47  21.127   -26.378  1079.143  1201.733    -0.972    39.761   -55.866    0.201    2492610.352  1.061     286.52      0.999
   48  21.586   -26.822  1097.326  1175.327    -0.962    39.349   -59.769    0.210    2606621.122  1.062     286.69      1.002
   49  22.045   -27.262  1115.316  1147.141    -0.951    38.922   -63.602    0.219    2722164.249  1.063     286.88      1.005
   50  22.505   -27.697  1133.108  1117.209    -0.941    38.480   -67.361    0.228    2838726.840  1.064     287.07      1.008
   51  22.964   -28.127  1150.694  1085.566    -0.929    38.024   -71.043    0.236    2955865.475  1.066     287.28      1.011
   52  23.423   -28.552  1168.067  1052.246    -0.918    37.554   -74.644    0.245    3073185.048  1.068     287.49      1.014
   53  23.883   -28.971  1185.223  1017.289    -0.906    37.071   -78.161    0.254    3190331.277  1.070     287.72      1.017
   54  24.342   -29.385  1202.154   980.733    -0.894    36.574   -81.592    0.262    3306993.122  1.073     287.96      1.021
   55  24.801   -29.793  1218.855   942.619    -0.882    36.066   -84.933    0.270    3422897.767  1.075     288.21      1.025
   56  25.260   -30.195  1235.319   902.988    -0.869    35.545   -88.181    0.278    3537806.579  1.078     288.47      1.029
   57  25.720   -30.592  1251.543   861.882    -0.856    35.013   -91.336    0.286    3651511.815  1.081     288.73      1.033
   58  26.179   -30.983  1267.520   819.346    -0.843    34.471   -94.395    0.294    3763833.869  1.083     289.01      1.037
   59  26.638   -31.367  1283.246   775.424    -0.829    33.920   -97.357    0.301    3874618.906  1.086     289.29      1.041
   60  27.097   -31.745  1298.718   730.160    -0.815    33.360  -100.221    0.309    3983736.758  1.088     289.59      1.046
   61  27.557   -32.117  1313.931   683.599    -0.802    32.792  -102.986    0.316    4091077.666  1.090     289.89      1.050
   62  28.016   -32.482  1328.882   635.788    -0.788    32.218  -105.653    0.322    4196542.570  1.092     290.20      1.055
   63  28.475   -32.841  1343.568   586.770    -0.773    31.639  -108.221    0.329    4300045.017  1.094     290.52      1.060
   64  28.935   -33.194  1357.987   536.593    -0.759    31.054  -110.689    0.335    4401510.877  1.095     290.85      1.065
   65  29.235   -33.420  1367.254   503.000    -0.750    30.669  -112.241    0.341    4494708.481  1.095     291.06      1.069
##################################################################################################################################
Range= 1367.7 meters, flight time=   29.2 seconds, final location (x,y,z)=(  -33.4, 1367.3,  503.0)
