Output from Eject, Matlab version, run on 03-Feb-2020 09:55:03 local time

Block parameters:
                       Block diameter, m:   0.45
                    Block density, kg/m3:   2500
                             Block shape:  shell
                   Initial velocity, m/s:  154.0
 Ejection angle from horizontal, degrees:   57.1
      Ejection direction, degrees E of N:  193.8
                         Wind speed, m/s:    0.0
             Wind direction, deg. E of N:    0.0
landing point meters below takeoff point:    520
     extent of reduced drag zone, meters:    0.0

Meteorologic conditions:
            Temperature at sea level, Celsius:  25.0
            Thermal lapse rate, deg. C per km:  6.50
Elevation of takeoff point above sea level, m:   587
                               vent longitude:  -155.28140
                                vent latitude:  19.40800

TRAJECTORY CALCULATIONS
##################################################################################################################################
    i   t (s)     x (m)     y (m)     z (m)   vx(m/s)  vy (m/s)  vz (m/s)   Mach #     Reynolds #     Cd   Temp (K) rho_air (kg/m3)
    1   0.000     0.000     0.000     0.000   -19.953   -81.234   129.301    0.446    4254291.009  0.226     294.33      1.121
    2   0.264    -5.253   -21.388    33.760   -19.878   -80.928   126.233    0.438    4167767.956  0.226     294.12      1.117
    3   0.527   -10.487   -42.696    66.713   -19.804   -80.630   123.187    0.431    4082886.442  0.226     293.90      1.114
    4   0.791   -15.702   -63.926    98.864   -19.733   -80.338   120.161    0.423    3999616.848  0.226     293.69      1.110
    5   1.055   -20.898   -85.080   130.220   -19.663   -80.054   117.154    0.416    3917932.041  0.226     293.49      1.107
    6   1.319   -26.075  -106.160   160.786   -19.595   -79.777   114.167    0.408    3837807.366  0.226     293.29      1.104
    7   1.582   -31.235  -127.168   190.566   -19.529   -79.506   111.199    0.401    3759220.630  0.226     293.10      1.101
    8   1.846   -36.378  -148.104   219.565   -19.464   -79.242   108.249    0.394    3682152.103  0.226     292.91      1.098
    9   2.110   -41.503  -168.972   247.787   -19.400   -78.985   105.315    0.387    3606584.529  0.226     292.72      1.095
   10   2.373   -46.612  -189.773   275.239   -19.339   -78.733   102.399    0.380    3532503.132  0.226     292.55      1.092
   11   2.637   -51.705  -210.508   301.922   -19.278   -78.488    99.498    0.373    3459895.641  0.226     292.37      1.089
   12   2.901   -56.783  -231.179   327.843   -19.220   -78.249    96.613    0.366    3388752.311  0.226     292.20      1.087
   13   3.164   -61.845  -251.788   353.005   -19.162   -78.015    93.743    0.359    3319065.959  0.226     292.04      1.084
   14   3.428   -66.892  -272.336   377.411   -19.106   -77.787    90.887    0.353    3250831.995  0.226     291.88      1.082
   15   3.692   -71.924  -292.824   401.065   -19.051   -77.564    88.045    0.346    3184048.468  0.226     291.73      1.079
   16   3.956   -76.942  -313.253   423.972   -18.998   -77.347    85.216    0.340    3118716.104  0.226     291.58      1.077
   17   4.219   -81.946  -333.627   446.134   -18.946   -77.134    82.400    0.333    3054838.361  0.226     291.43      1.074
   18   4.483   -86.936  -353.944   467.555   -18.895   -76.927    79.597    0.327    2992421.470  0.226     291.30      1.072
   19   4.747   -91.914  -374.208   488.238   -18.845   -76.725    76.805    0.321    2931474.485  0.226     291.16      1.070
   20   5.010   -96.878  -394.418   508.186   -18.797   -76.527    74.025    0.315    2872009.332  0.226     291.03      1.068
   21   5.274  -101.829  -414.577   527.402   -18.749   -76.334    71.256    0.309    2814040.850  0.226     290.91      1.066
   22   5.538  -106.768  -434.686   545.889   -18.703   -76.145    68.497    0.304    2757586.825  0.226     290.79      1.064
   23   5.801  -111.695  -454.745   563.650   -18.657   -75.960    65.749    0.298    2702668.018  0.226     290.67      1.063
   24   6.065  -116.610  -474.756   580.687   -18.613   -75.780    63.010    0.292    2649308.182  0.226     290.56      1.061
   25   6.329  -121.514  -494.720   597.003   -18.570   -75.603    60.281    0.287    2597534.056  0.226     290.45      1.059
   26   6.593  -126.406  -514.637   612.600   -18.527   -75.431    57.561    0.282    2547375.345  0.226     290.35      1.058
   27   6.856  -131.287  -534.510   627.481   -18.486   -75.262    54.850    0.277    2498864.675  0.226     290.26      1.056
   28   7.120  -136.158  -554.339   641.648   -18.445   -75.097    52.147    0.272    2452037.514  0.226     290.16      1.055
   29   7.384  -141.017  -574.124   655.103   -18.406   -74.935    49.452    0.268    2406932.060  0.226     290.08      1.053
   30   7.647  -145.867  -593.867   667.848   -18.367   -74.776    46.765    0.263    2363589.091  0.226     289.99      1.052
   31   7.911  -150.706  -613.568   679.886   -18.329   -74.621    44.085    0.259    2322051.765  0.226     289.92      1.051
   32   8.175  -155.535  -633.229   691.217   -18.291   -74.469    41.412    0.254    2282365.371  0.226     289.84      1.050
   33   8.438  -160.354  -652.851   701.845   -18.254   -74.319    38.746    0.250    2244577.021  0.226     289.77      1.049
   34   8.702  -165.164  -672.433   711.770   -18.218   -74.173    36.087    0.247    2208735.289  0.226     289.71      1.048
   35   8.966  -169.965  -691.976   720.995   -18.183   -74.029    33.434    0.243    2174889.775  0.226     289.65      1.047
   36   9.230  -174.756  -711.482   729.520   -18.148   -73.887    30.787    0.240    2143090.616  0.226     289.59      1.046
   37   9.493  -179.538  -730.951   737.349   -18.114   -73.748    28.146    0.237    2113387.927  0.226     289.54      1.045
   38   9.757  -184.311  -750.383   744.481   -18.080   -73.611    25.511    0.234    2085831.188  0.226     289.50      1.044
   39  10.021  -189.075  -769.780   750.920   -18.047   -73.476    22.881    0.231    2060468.569  0.226     289.45      1.044
   40  10.284  -193.830  -789.141   756.665   -18.014   -73.342    20.257    0.228    2037346.219  0.226     289.42      1.043
   41  10.548  -198.577  -808.467   761.719   -17.982   -73.211    17.637    0.226    2016507.524  0.226     289.38      1.043
   42  10.812  -203.316  -827.758   766.083   -17.950   -73.081    15.023    0.224    1997992.346  0.226     289.35      1.042
   43  11.075  -208.046  -847.016   769.757   -17.919   -72.952    12.413    0.223    1981836.271  0.226     289.33      1.042
   44  11.339  -212.767  -866.239   772.745   -17.887   -72.824     9.809    0.221    1968069.881  0.226     289.31      1.042
   45  11.603  -217.481  -885.429   775.045   -17.856   -72.698     7.209    0.220    1956718.075  0.226     289.30      1.041
   46  11.867  -222.186  -904.586   776.661   -17.825   -72.572     4.613    0.219    1947799.465  0.226     289.29      1.041
   47  12.130  -226.883  -923.710   777.593   -17.795   -72.447     2.022    0.218    1941325.863  0.226     289.28      1.041
   48  12.394  -231.572  -942.800   777.842   -17.764   -72.323    -0.565    0.218    1937301.881  0.226     289.28      1.041
   49  12.658  -236.254  -961.859   777.409   -17.734   -72.199    -3.147    0.217    1935724.659  0.226     289.28      1.041
   50  12.921  -240.927  -980.884   776.296   -17.703   -72.076    -5.724    0.218    1936583.739  0.226     289.29      1.041
   51  13.185  -245.592  -999.877   774.504   -17.673   -71.952    -8.298    0.218    1939861.076  0.226     289.30      1.041
   52  13.449  -250.249 -1018.837   772.033   -17.643   -71.828   -10.867    0.218    1945531.199  0.226     289.32      1.042
   53  13.712  -254.898 -1037.765   768.886   -17.612   -71.705   -13.431    0.219    1953561.502  0.226     289.34      1.042
   54  13.976  -259.539 -1056.660   765.063   -17.582   -71.581   -15.991    0.220    1963912.671  0.226     289.36      1.042
   55  14.240  -264.172 -1075.522   760.565   -17.551   -71.456   -18.546    0.222    1976539.203  0.226     289.39      1.043
   56  14.504  -268.797 -1094.352   755.394   -17.520   -71.331   -21.097    0.223    1991390.032  0.226     289.42      1.043
   57  14.767  -273.413 -1113.148   749.551   -17.489   -71.205   -23.642    0.225    2008409.197  0.226     289.46      1.044
   58  15.031  -278.022 -1131.910   743.038   -17.458   -71.078   -26.183    0.227    2027536.575  0.226     289.50      1.045
   59  15.295  -282.622 -1150.640   735.854   -17.427   -70.950   -28.719    0.229    2048708.611  0.226     289.55      1.045
   60  15.558  -287.214 -1169.335   728.003   -17.395   -70.820   -31.250    0.232    2071859.066  0.226     289.60      1.046
   61  15.822  -291.798 -1187.996   719.485   -17.363   -70.690   -33.775    0.234    2096919.728  0.226     289.66      1.047
   62  16.086  -296.373 -1206.623   710.301   -17.331   -70.558   -36.295    0.237    2123821.096  0.226     289.72      1.048
   63  16.349  -300.940 -1225.215   700.454   -17.298   -70.425   -38.809    0.240    2152493.016  0.226     289.78      1.049
   64  16.613  -305.497 -1243.771   689.944   -17.265   -70.290   -41.318    0.243    2182865.254  0.226     289.85      1.050
   65  16.877  -310.047 -1262.292   678.773   -17.231   -70.154   -43.821    0.247    2214868.014  0.226     289.92      1.051
   66  17.141  -314.587 -1280.776   666.943   -17.197   -70.016   -46.317    0.250    2248432.384  0.226     290.00      1.052
   67  17.404  -319.118 -1299.224   654.456   -17.163   -69.875   -48.807    0.254    2283490.724  0.226     290.08      1.053
   68  17.668  -323.640 -1317.635   641.312   -17.128   -69.733   -51.291    0.258    2319976.981  0.226     290.17      1.055
   69  17.932  -328.153 -1336.008   627.515   -17.093   -69.589   -53.768    0.261    2357826.951  0.226     290.26      1.056
   70  18.195  -332.656 -1354.343   613.065   -17.057   -69.443   -56.237    0.265    2396978.484  0.226     290.35      1.058
   71  18.459  -337.150 -1372.639   597.964   -17.020   -69.295   -58.700    0.270    2437371.634  0.226     290.45      1.059
   72  18.723  -341.634 -1390.895   582.215   -16.983   -69.144   -61.155    0.274    2478948.765  0.226     290.55      1.061
   73  18.987  -346.109 -1409.112   565.819   -16.946   -68.992   -63.602    0.278    2521654.622  0.226     290.66      1.062
   74  19.250  -350.573 -1427.288   548.779   -16.908   -68.837   -66.042    0.282    2565436.360  0.226     290.77      1.064
   75  19.514  -355.028 -1445.423   531.096   -16.869   -68.679   -68.473    0.287    2610243.546  0.226     290.88      1.066
   76  19.674  -357.719 -1456.381   520.000   -16.845   -68.582   -69.941    0.292    2654540.583  0.226     290.95      1.067
##################################################################################################################################
Range= 1499.7 meters, flight time=   19.7 seconds, final location (x,y,z)=( -357.7,-1456.4,  520.0)
